150.000000	0.000000	0.000000
149.999600	0.346410	0.200000
149.998400	0.692818	0.400000
149.996400	1.039222	0.600000
149.993600	1.385621	0.800000
149.990000	1.732012	1.000000
149.985600	2.078394	1.200000
149.980400	2.424766	1.400000
149.974401	2.771124	1.600000
149.967601	3.117467	1.800000
149.960002	3.463794	2.000000
149.951603	3.810102	2.200000
149.942404	4.156390	2.400000
149.932405	4.502656	2.600000
149.921607	4.848897	2.800000
149.910009	5.195113	3.000000
149.897612	5.541301	3.200000
149.884415	5.887460	3.400000
149.870419	6.233587	3.600000
149.855623	6.579681	3.800000
149.840028	6.925740	4.000000
149.823635	7.271762	4.200000
149.806442	7.617745	4.400000
149.788450	7.963688	4.600000
149.769659	8.309588	4.800000
149.750069	8.655444	5.000000
149.729681	9.001253	5.200000
149.708494	9.347015	5.400000
149.686509	9.692726	5.600000
149.663726	10.038387	5.800000
149.640144	10.383993	6.000000
149.615764	10.729544	6.200000
149.590586	11.075038	6.400000
149.564611	11.420473	6.600000
149.537838	11.765847	6.800000
149.510267	12.111158	7.000000
149.481899	12.456404	7.200000
149.452733	12.801585	7.400000
149.422771	13.146696	7.600000
149.392011	13.491738	7.800000
149.360455	13.836708	8.000000
149.328102	14.181604	8.200000
149.294953	14.526424	8.400000
149.261008	14.871167	8.600000
149.226266	15.215831	8.800000
149.190729	15.560413	9.000000
149.154396	15.904913	9.200000
149.117267	16.249327	9.400000
149.079343	16.593655	9.600000
149.040624	16.937895	9.800000
149.001111	17.282044	10.000000
148.960802	17.626101	10.200000
148.919699	17.970064	10.400000
148.877802	18.313931	10.600000
148.835111	18.657700	10.800000
148.791626	19.001370	11.000000
148.747347	19.344939	11.200000
148.702276	19.688404	11.400000
148.656411	20.031764	11.600000
148.609753	20.375018	11.800000
148.562303	20.718163	12.000000
148.514060	21.061197	12.200000
148.465025	21.404119	12.400000
148.415199	21.746927	12.600000
148.364580	22.089619	12.800000
148.313171	22.432193	13.000000
148.260971	22.774648	13.200000
148.207980	23.116981	13.400000
148.154198	23.459190	13.600000
148.099626	23.801275	13.800000
148.044265	24.143233	14.000000
147.988114	24.485062	14.200000
147.931173	24.826760	14.400000
147.873444	25.168326	14.600000
147.814926	25.509757	14.800000
147.755619	25.851053	15.000000
147.695525	26.192211	15.200000
147.634643	26.533229	15.400000
147.572973	26.874105	15.600000
147.510517	27.214839	15.800000
147.447273	27.555427	16.000000
147.383244	27.895868	16.200000
147.318428	28.236160	16.400000
147.252827	28.576302	16.600000
147.186440	28.916291	16.800000
147.119268	29.256126	17.000000
147.051312	29.595805	17.200000
146.982571	29.935327	17.400000
146.913047	30.274688	17.600000
146.842738	30.613888	17.800000
146.771647	30.952925	18.000000
146.699773	31.291797	18.200000
146.627117	31.630502	18.400000
146.553678	31.969038	18.600000
146.479458	32.307404	18.800000
146.404457	32.645597	19.000000
146.328675	32.983616	19.200000
146.252112	33.321460	19.400000
146.174770	33.659125	19.600000
146.096648	33.996611	19.800000
146.017746	34.333916	20.000000
145.938066	34.671038	20.200000
145.857608	35.007975	20.400000
145.776371	35.344725	20.600000
145.694358	35.681286	20.800000
145.611567	36.017657	21.000000
145.527999	36.353837	21.200000
145.443656	36.689822	21.400000
145.358536	37.025611	21.600000
145.272642	37.361204	21.800000
145.185973	37.696596	22.000000
145.098529	38.031788	22.200000
145.010311	38.366777	22.400000
144.921320	38.701562	22.600000
144.831557	39.036140	22.800000
144.741020	39.370509	23.000000
144.649712	39.704669	23.200000
144.557633	40.038617	23.400000
144.464782	40.372352	23.600000
144.371161	40.705871	23.800000
144.276770	41.039173	24.000000
144.181609	41.372256	24.200000
144.085680	41.705119	24.400000
143.988982	42.037759	24.600000
143.891516	42.370175	24.800000
143.793282	42.702365	25.000000
143.694282	43.034327	25.200000
143.594516	43.366059	25.400000
143.493983	43.697561	25.600000
143.392685	44.028829	25.800000
143.290623	44.359863	26.000000
143.187796	44.690660	26.200000
143.084206	45.021218	26.400000
142.979852	45.351537	26.600000
142.874736	45.681613	26.800000
142.768858	46.011446	27.000000
142.662219	46.341034	27.200000
142.554818	46.670374	27.400000
142.446657	46.999466	27.600000
142.337737	47.328307	27.800000
142.228058	47.656895	28.000000
142.117620	47.985229	28.200000
142.006424	48.313308	28.400000
141.894470	48.641128	28.600000
141.781760	48.968689	28.800000
141.668294	49.295990	29.000000
141.554072	49.623027	29.200000
141.439095	49.949799	29.400000
141.323364	50.276305	29.600000
141.206879	50.602543	29.800000
141.089641	50.928511	30.000000
140.971650	51.254208	30.200000
140.852908	51.579631	30.400000
140.733414	51.904779	30.600000
140.613170	52.229650	30.800000
140.492176	52.554243	31.000000
140.370433	52.878555	31.200000
140.247941	53.202585	31.400000
140.124701	53.526332	31.600000
140.000713	53.849793	31.800000
139.875979	54.172967	32.000000
139.750499	54.495852	32.200000
139.624274	54.818446	32.400000
139.497304	55.140748	32.600000
139.369590	55.462756	32.800000
139.241133	55.784468	33.000000
139.111933	56.105883	33.200000
138.981991	56.426998	33.400000
138.851308	56.747813	33.600000
138.719884	57.068324	33.800000
138.587721	57.388532	34.000000
138.454818	57.708433	34.200000
138.321177	58.028027	34.400000
138.186799	58.347311	34.600000
138.051683	58.666284	34.800000
137.915831	58.984944	35.000000
137.779243	59.303289	35.200000
137.641921	59.621318	35.400000
137.503865	59.939029	35.600000
137.365075	60.256421	35.800000
137.225552	60.573491	36.000000
137.085298	60.890238	36.200000
136.944313	61.206660	36.400000
136.802597	61.522756	36.600000
136.660151	61.838524	36.800000
136.516977	62.153962	37.000000
136.373075	62.469068	37.200000
136.228445	62.783841	37.400000
136.083089	63.098280	37.600000
135.937007	63.412382	37.800000
135.790200	63.726145	38.000000
135.642669	64.039569	38.200000
135.494414	64.352651	38.400000
135.345437	64.665390	38.600000
135.195738	64.977785	38.800000
135.045318	65.289832	39.000000
134.894177	65.601532	39.200000
134.742317	65.912881	39.400000
134.589739	66.223879	39.600000
134.436443	66.534524	39.800000
134.282429	66.844814	40.000000
134.127700	67.154747	40.200000
133.972255	67.464323	40.400000
133.816096	67.773538	40.600000
133.659223	68.082392	40.800000
133.501637	68.390883	41.000000
133.343339	68.699009	41.200000
133.184330	69.006769	41.400000
133.024611	69.314161	41.600000
132.864182	69.621183	41.800000
132.703045	69.927834	42.000000
132.541200	70.234111	42.200000
132.378648	70.540015	42.400000
132.215389	70.845542	42.600000
132.051426	71.150691	42.800000
131.886759	71.455461	43.000000
131.721388	71.759849	43.200000
131.555315	72.063855	43.400000
131.388540	72.367477	43.600000
131.221064	72.670712	43.800000
131.052888	72.973560	44.000000
130.884014	73.276019	44.200000
130.714441	73.578087	44.400000
130.544171	73.879763	44.600000
130.373205	74.181044	44.800000
130.201544	74.481930	45.000000
130.029188	74.782419	45.200000
129.856139	75.082509	45.400000
129.682397	75.382198	45.600000
129.507964	75.681486	45.800000
129.332840	75.980369	46.000000
129.157026	76.278848	46.200000
128.980523	76.576919	46.400000
128.803333	76.874583	46.600000
128.625455	77.171836	46.800000
128.446892	77.468678	47.000000
128.267643	77.765106	47.200000
128.087710	78.061120	47.400000
127.907094	78.356718	47.600000
127.725796	78.651897	47.800000
127.543817	78.946657	48.000000
127.361158	79.240996	48.200000
127.177819	79.534913	48.400000
126.993802	79.828405	48.600000
126.809108	80.121471	48.800000
126.623737	80.414111	49.000000
126.437691	80.706321	49.200000
126.250971	80.998101	49.400000
126.063577	81.289449	49.600000
125.875511	81.580363	49.800000
125.686774	81.870842	50.000000
125.497367	82.160885	50.200000
125.307290	82.450489	50.400000
125.116544	82.739654	50.600000
124.925132	83.028377	50.800000
124.733053	83.316658	51.000000
124.540309	83.604494	51.200000
124.346901	83.891884	51.400000
124.152829	84.178827	51.600000
123.958096	84.465321	51.800000
123.762701	84.751365	52.000000
123.566646	85.036956	52.200000
123.369933	85.322094	52.400000
123.172561	85.606777	52.600000
122.974532	85.891003	52.800000
122.775848	86.174771	53.000000
122.576508	86.458080	53.200000
122.376515	86.740928	53.400000
122.175869	87.023312	53.600000
121.974572	87.305233	53.800000
121.772624	87.586688	54.000000
121.570027	87.867676	54.200000
121.366781	88.148196	54.400000
121.162888	88.428245	54.600000
120.958349	88.707823	54.800000
120.753165	88.986927	55.000000
120.547336	89.265557	55.200000
120.340865	89.543711	55.400000
120.133752	89.821387	55.600000
119.925998	90.098585	55.800000
119.717605	90.375301	56.000000
119.508573	90.651536	56.200000
119.298904	90.927287	56.400000
119.088598	91.202554	56.600000
118.877658	91.477333	56.800000
118.666083	91.751625	57.000000
118.453875	92.025428	57.200000
118.241036	92.298740	57.400000
118.027566	92.571560	57.600000
117.813467	92.843885	57.800000
117.598739	93.115716	58.000000
117.383384	93.387050	58.200000
117.167403	93.657886	58.400000
116.950797	93.928223	58.600000
116.733567	94.198058	58.800000
116.515715	94.467392	59.000000
116.297242	94.736221	59.200000
116.078148	95.004545	59.400000
115.858435	95.272363	59.600000
115.638104	95.539672	59.800000
115.417156	95.806472	60.000000
115.195593	96.072760	60.200000
114.973416	96.338537	60.400000
114.750625	96.603799	60.600000
114.527222	96.868547	60.800000
114.303209	97.132777	61.000000
114.078586	97.396490	61.200000
113.853354	97.659683	61.400000
113.627515	97.922356	61.600000
113.401070	98.184506	61.800000
113.174021	98.446132	62.000000
112.946368	98.707234	62.200000
112.718112	98.967809	62.400000
112.489255	99.227856	62.600000
112.259799	99.487374	62.800000
112.029743	99.746361	63.000000
111.799090	100.004817	63.200000
111.567841	100.262739	63.400000
111.335997	100.520126	63.600000
111.103559	100.776977	63.800000
110.870529	101.033291	64.000000
110.636907	101.289066	64.200000
110.402695	101.544301	64.400000
110.167894	101.798994	64.600000
109.932506	102.053144	64.800000
109.696531	102.306750	65.000000
109.459972	102.559810	65.200000
109.222828	102.812323	65.400000
108.985102	103.064288	65.600000
108.746795	103.315703	65.800000
108.507908	103.566568	66.000000
108.268442	103.816880	66.200000
108.028399	104.066638	66.400000
107.787779	104.315841	66.600000
107.546585	104.564488	66.800000
107.304817	104.812577	67.000000
107.062477	105.060107	67.200000
106.819566	105.307077	67.400000
106.576085	105.553485	67.600000
106.332035	105.799330	67.800000
106.087419	106.044611	68.000000
105.842237	106.289327	68.200000
105.596490	106.533475	68.400000
105.350180	106.777055	68.600000
105.103308	107.020066	68.800000
104.855876	107.262506	69.000000
104.607884	107.504374	69.200000
104.359335	107.745669	69.400000
104.110229	107.986389	69.600000
103.860568	108.226533	69.800000
103.610352	108.466100	70.000000
103.359585	108.705089	70.200000
103.108266	108.943497	70.400000
102.856397	109.181325	70.600000
102.603979	109.418570	70.800000
102.351014	109.655232	71.000000
102.097504	109.891309	71.200000
101.843449	110.126800	71.400000
101.588850	110.361703	71.600000
101.333710	110.596018	71.800000
101.078030	110.829743	72.000000
100.821810	111.062877	72.200000
100.565053	111.295419	72.400000
100.307759	111.527367	72.600000
100.049930	111.758720	72.800000
99.791568	111.989477	73.000000
99.532673	112.219637	73.200000
99.273248	112.449198	73.400000
99.013293	112.678160	73.600000
98.752810	112.906521	73.800000
98.491801	113.134279	74.000000
98.230266	113.361435	74.200000
97.968207	113.587985	74.400000
97.705626	113.813930	74.600000
97.442524	114.039268	74.800000
97.178902	114.263997	75.000000
96.914761	114.488117	75.200000
96.650104	114.711627	75.400000
96.384932	114.934525	75.600000
96.119245	115.156809	75.800000
95.853046	115.378480	76.000000
95.586335	115.599535	76.200000
95.319115	115.819974	76.400000
95.051386	116.039795	76.600000
94.783150	116.258997	76.800000
94.514409	116.477579	77.000000
94.245164	116.695540	77.200000
93.975416	116.912879	77.400000
93.705167	117.129594	77.600000
93.434418	117.345684	77.800000
93.163171	117.561148	78.000000
92.891427	117.775986	78.200000
92.619187	117.990195	78.400000
92.346454	118.203775	78.600000
92.073228	118.416725	78.800000
91.799511	118.629043	79.000000
91.525304	118.840728	79.200000
91.250610	119.051780	79.400000
90.975428	119.262196	79.600000
90.699762	119.471977	79.800000
90.423611	119.681120	80.000000
90.146979	119.889625	80.200000
89.869865	120.097491	80.400000
89.592273	120.304716	80.600000
89.314202	120.511299	80.800000
89.035655	120.717240	81.000000
88.756634	120.922537	81.200000
88.477139	121.127189	81.400000
88.197172	121.331195	81.600000
87.916734	121.534554	81.800000
87.635828	121.737265	82.000000
87.354454	121.939326	82.200000
87.072615	122.140737	82.400000
86.790311	122.341497	82.600000
86.507544	122.541604	82.800000
86.224316	122.741058	83.000000
85.940628	122.939857	83.200000
85.656482	123.138000	83.400000
85.371879	123.335487	83.600000
85.086820	123.532316	83.800000
84.801308	123.728486	84.000000
84.515343	123.923996	84.200000
84.228928	124.118845	84.400000
83.942063	124.313032	84.600000
83.654751	124.506557	84.800000
83.366993	124.699417	85.000000
83.078790	124.891612	85.200000
82.790143	125.083141	85.400000
82.501056	125.274003	85.600000
82.211528	125.464197	85.800000
81.921562	125.653721	86.000000
81.631159	125.842576	86.200000
81.340321	126.030759	86.400000
81.049048	126.218270	86.600000
80.757344	126.405108	86.800000
80.465209	126.591272	87.000000
80.172644	126.776761	87.200000
79.879652	126.961573	87.400000
79.586235	127.145709	87.600000
79.292392	127.329166	87.800000
78.998127	127.511944	88.000000
78.703440	127.694043	88.200000
78.408334	127.875460	88.400000
78.112809	128.056195	88.600000
77.816868	128.236247	88.800000
77.520512	128.415615	89.000000
77.223742	128.594299	89.200000
76.926561	128.772296	89.400000
76.628969	128.949607	89.600000
76.330969	129.126230	89.800000
76.032561	129.302164	90.000000
75.733748	129.477409	90.200000
75.434531	129.651963	90.400000
75.134912	129.825826	90.600000
74.834892	129.998996	90.800000
74.534473	130.171473	91.000000
74.233656	130.343256	91.200000
73.932444	130.514343	91.400000
73.630837	130.684735	91.600000
73.328837	130.854429	91.800000
73.026447	131.023426	92.000000
72.723666	131.191724	92.200000
72.420498	131.359322	92.400000
72.116944	131.526219	92.600000
71.813005	131.692415	92.800000
71.508684	131.857909	93.000000
71.203980	132.022700	93.200000
70.898897	132.186786	93.400000
70.593436	132.350167	93.600000
70.287599	132.512843	93.800000
69.981386	132.674811	94.000000
69.674801	132.836073	94.200000
69.367843	132.996625	94.400000
69.060516	133.156469	94.600000
68.752820	133.315602	94.800000
68.444758	133.474024	95.000000
68.136331	133.631734	95.200000
67.827540	133.788732	95.400000
67.518388	133.945016	95.600000
67.208875	134.100586	95.800000
66.899004	134.255440	96.000000
66.588776	134.409579	96.200000
66.278193	134.563000	96.400000
65.967257	134.715704	96.600000
65.655969	134.867690	96.800000
65.344330	135.018956	97.000000
65.032344	135.169502	97.200000
64.720010	135.319327	97.400000
64.407331	135.468431	97.600000
64.094308	135.616812	97.800000
63.780944	135.764469	98.000000
63.467240	135.911403	98.200000
63.153197	136.057612	98.400000
62.838817	136.203095	98.600000
62.524102	136.347852	98.800000
62.209054	136.491881	99.000000
61.893674	136.635183	99.200000
61.577964	136.777755	99.400000
61.261925	136.919599	99.600000
60.945560	137.060712	99.800000
60.628869	137.201094	100.000000
60.311856	137.340744	100.200000
59.994520	137.479662	100.400000
59.676865	137.617847	100.600000
59.358891	137.755298	100.800000
59.040601	137.892014	101.000000
58.721996	138.027994	101.200000
58.403077	138.163239	101.400000
58.083848	138.297746	101.600000
57.764308	138.431516	101.800000
57.444460	138.564548	102.000000
57.124306	138.696841	102.200000
56.803848	138.828394	102.400000
56.483086	138.959206	102.600000
56.162023	139.089278	102.800000
55.840661	139.218607	103.000000
55.519001	139.347194	103.200000
55.197044	139.475038	103.400000
54.874794	139.602138	103.600000
54.552250	139.728494	103.800000
54.229416	139.854104	104.000000
53.906292	139.978969	104.200000
53.582881	140.103086	104.400000
53.259184	140.226457	104.600000
52.935204	140.349080	104.800000
52.610940	140.470954	105.000000
52.286397	140.592079	105.200000
51.961574	140.712454	105.400000
51.636474	140.832079	105.600000
51.311099	140.950953	105.800000
50.985450	141.069075	106.000000
50.659529	141.186444	106.200000
50.333339	141.303061	106.400000
50.006879	141.418924	106.600000
49.680153	141.534033	106.800000
49.353162	141.648386	107.000000
49.025908	141.761985	107.200000
48.698392	141.874827	107.400000
48.370617	141.986913	107.600000
48.042583	142.098241	107.800000
47.714294	142.208812	108.000000
47.385749	142.318624	108.200000
47.056953	142.427677	108.400000
46.727905	142.535971	108.600000
46.398608	142.643504	108.800000
46.069063	142.750276	109.000000
45.739273	142.856288	109.200000
45.409239	142.961537	109.400000
45.078963	143.066024	109.600000
44.748446	143.169748	109.800000
44.417690	143.272708	110.000000
44.086698	143.374904	110.200000
43.755471	143.476335	110.400000
43.424010	143.577002	110.600000
43.092317	143.676902	110.800000
42.760395	143.776036	111.000000
42.428245	143.874404	111.200000
42.095868	143.972004	111.400000
41.763267	144.068836	111.600000
41.430444	144.164900	111.800000
41.097399	144.260195	112.000000
40.764135	144.354720	112.200000
40.430654	144.448476	112.400000
40.096957	144.541461	112.600000
39.763046	144.633676	112.800000
39.428923	144.725119	113.000000
39.094590	144.815790	113.200000
38.760048	144.905689	113.400000
38.425300	144.994815	113.600000
38.090346	145.083168	113.800000
37.755190	145.170747	114.000000
37.419832	145.257551	114.200000
37.084274	145.343581	114.400000
36.748519	145.428836	114.600000
36.412568	145.513315	114.800000
36.076423	145.597018	115.000000
35.740085	145.679945	115.200000
35.403556	145.762095	115.400000
35.066839	145.843467	115.600000
34.729935	145.924061	115.800000
34.392845	146.003877	116.000000
34.055572	146.082915	116.200000
33.718118	146.161173	116.400000
33.380483	146.238652	116.600000
33.042671	146.315351	116.800000
32.704682	146.391269	117.000000
32.366519	146.466407	117.200000
32.028184	146.540764	117.400000
31.689677	146.614339	117.600000
31.351002	146.687132	117.800000
31.012159	146.759143	118.000000
30.673151	146.830371	118.200000
30.333979	146.900816	118.400000
29.994646	146.970477	118.600000
29.655152	147.039355	118.800000
29.315500	147.107449	119.000000
28.975692	147.174758	119.200000
28.635730	147.241281	119.400000
28.295615	147.307020	119.600000
27.955349	147.371973	119.800000
27.614933	147.436140	120.000000
27.274371	147.499521	120.200000
26.933663	147.562115	120.400000
26.592811	147.623922	120.600000
26.251818	147.684942	120.800000
25.910684	147.745174	121.000000
25.569413	147.804618	121.200000
25.228005	147.863274	121.400000
24.886462	147.921141	121.600000
24.544787	147.978219	121.800000
24.202981	148.034509	122.000000
23.861045	148.090008	122.200000
23.518983	148.144718	122.400000
23.176795	148.198638	122.600000
22.834483	148.251767	122.800000
22.492050	148.304105	123.000000
22.149496	148.355653	123.200000
21.806825	148.406410	123.400000
21.464037	148.456374	123.600000
21.121135	148.505548	123.800000
20.778120	148.553929	124.000000
20.434994	148.601518	124.200000
20.091760	148.648314	124.400000
19.748418	148.694317	124.600000
19.404971	148.739528	124.800000
19.061420	148.783945	125.000000
18.717768	148.827569	125.200000
18.374015	148.870399	125.400000
18.030165	148.912434	125.600000
17.686219	148.953676	125.800000
17.342178	148.994124	126.000000
16.998045	149.033776	126.200000
16.653821	149.072634	126.400000
16.309509	149.110697	126.600000
15.965109	149.147964	126.800000
15.620624	149.184436	127.000000
15.276056	149.220113	127.200000
14.931407	149.254994	127.400000
14.586678	149.289078	127.600000
14.241871	149.322366	127.800000
13.896988	149.354858	128.000000
13.552031	149.386554	128.200000
13.207002	149.417452	128.400000
12.861902	149.447554	128.600000
12.516734	149.476859	128.800000
12.171498	149.505367	129.000000
11.826198	149.533077	129.200000
11.480835	149.559989	129.400000
11.135411	149.586104	129.600000
10.789927	149.611422	129.800000
10.444386	149.635941	130.000000
10.098789	149.659662	130.200000
9.753138	149.682585	130.400000
9.407436	149.704710	130.600000
9.061683	149.726036	130.800000
8.715881	149.746564	131.000000
8.370033	149.766293	131.200000
8.024141	149.785223	131.400000
7.678206	149.803355	131.600000
7.332229	149.820688	131.800000
6.986214	149.837221	132.000000
6.640162	149.852955	132.200000
6.294074	149.867891	132.400000
5.947952	149.882026	132.600000
5.601799	149.895363	132.800000
5.255616	149.907900	133.000000
4.909405	149.919638	133.200000
4.563167	149.930576	133.400000
4.216905	149.940714	133.600000
3.870621	149.950053	133.800000
3.524316	149.958592	134.000000
3.177993	149.966331	134.200000
2.831652	149.973270	134.400000
2.485297	149.979410	134.600000
2.138928	149.984749	134.800000
1.792547	149.989289	135.000000
1.446157	149.993029	135.200000
1.099760	149.995968	135.400000
0.753356	149.998108	135.600000
0.406949	149.999448	135.800000
0.060539	149.999988	136.000000
-0.285871	149.999728	136.200000
-0.632279	149.998667	136.400000
-0.978684	149.996807	136.600000
-1.325084	149.994147	136.800000
-1.671477	149.990687	137.000000
-2.017861	149.986427	137.200000
-2.364234	149.981367	137.400000
-2.710595	149.975507	137.600000
-3.056941	149.968847	137.800000
-3.403270	149.961388	138.000000
-3.749582	149.953128	138.200000
-4.095874	149.944069	138.400000
-4.442143	149.934210	138.600000
-4.788389	149.923552	138.800000
-5.134610	149.912094	139.000000
-5.480803	149.899836	139.200000
-5.826967	149.886779	139.400000
-6.173100	149.872922	139.600000
-6.519200	149.858266	139.800000
-6.865265	149.842811	140.000000
-7.211293	149.826557	140.200000
-7.557284	149.809504	140.400000
-7.903233	149.791652	140.600000
-8.249141	149.773000	140.800000
-8.595005	149.753551	141.000000
-8.940822	149.733302	141.200000
-9.286592	149.712255	141.400000
-9.632313	149.690409	141.600000
-9.977982	149.667765	141.800000
-10.323598	149.644323	142.000000
-10.669159	149.620082	142.200000
-11.014663	149.595044	142.400000
-11.360108	149.569208	142.600000
-11.705493	149.542574	142.800000
-12.050815	149.515143	143.000000
-12.396073	149.486914	143.200000
-12.741265	149.457888	143.400000
-13.086389	149.428064	143.600000
-13.431443	149.397444	143.800000
-13.776426	149.366027	144.000000
-14.121335	149.333814	144.200000
-14.466169	149.300804	144.400000
-14.810925	149.266997	144.600000
-15.155603	149.232395	144.800000
-15.500199	149.196997	145.000000
-15.844713	149.160803	145.200000
-16.189143	149.123813	145.400000
-16.533486	149.086028	145.600000
-16.877741	149.047448	145.800000
-17.221906	149.008073	146.000000
-17.565979	148.967904	146.200000
-17.909959	148.926940	146.400000
-18.253843	148.885181	146.600000
-18.597630	148.842629	146.800000
-18.941317	148.799283	147.000000
-19.284903	148.755143	147.200000
-19.628387	148.710210	147.400000
-19.971766	148.664483	147.600000
-20.315038	148.617964	147.800000
-20.658202	148.570652	148.000000
-21.001256	148.522548	148.200000
-21.344198	148.473652	148.400000
-21.687026	148.423963	148.600000
-22.029738	148.373484	148.800000
-22.372333	148.322212	149.000000
-22.714808	148.270150	149.200000
-23.057163	148.217297	149.400000
-23.399394	148.163654	149.600000
-23.741501	148.109220	149.800000
-24.083481	148.053997	150.000000
-24.425332	147.997984	150.200000
-24.767054	147.941181	150.400000
-25.108643	147.883590	150.600000
-25.450098	147.825209	150.800000
-25.791418	147.766041	151.000000
-26.132600	147.706084	151.200000
-26.473642	147.645339	151.400000
-26.814544	147.583808	151.600000
-27.155302	147.521489	151.800000
-27.495915	147.458383	152.000000
-27.836382	147.394490	152.200000
-28.176701	147.329812	152.400000
-28.516869	147.264348	152.600000
-28.856885	147.198098	152.800000
-29.196747	147.131064	153.000000
-29.536454	147.063245	153.200000
-29.876003	146.994641	153.400000
-30.215392	146.925253	153.600000
-30.554621	146.855082	153.800000
-30.893686	146.784128	154.000000
-31.232587	146.712390	154.200000
-31.571321	146.639871	154.400000
-31.909887	146.566569	154.600000
-32.248283	146.492485	154.800000
-32.586506	146.417621	155.000000
-32.924556	146.341975	155.200000
-33.262430	146.265549	155.400000
-33.600127	146.188342	155.600000
-33.937645	146.110356	155.800000
-34.274981	146.031591	156.000000
-34.612135	145.952047	156.200000
-34.949104	145.871725	156.400000
-35.285887	145.790624	156.600000
-35.622482	145.708746	156.800000
-35.958886	145.626091	157.000000
-36.295099	145.542660	157.200000
-36.631119	145.458452	157.400000
-36.966943	145.373468	157.600000
-37.302569	145.287709	157.800000
-37.637997	145.201175	158.000000
-37.973224	145.113866	158.200000
-38.308249	145.025784	158.400000
-38.643069	144.936928	158.600000
-38.977683	144.847300	158.800000
-39.312089	144.756898	159.000000
-39.646286	144.665725	159.200000
-39.980271	144.573780	159.400000
-40.314043	144.481064	159.600000
-40.647600	144.387578	159.800000
-40.980940	144.293321	160.000000
-41.314062	144.198295	160.200000
-41.646963	144.102500	160.400000
-41.979642	144.005936	160.600000
-42.312097	143.908604	160.800000
-42.644327	143.810505	161.000000
-42.976329	143.711639	161.200000
-43.308102	143.612006	161.400000
-43.639644	143.511607	161.600000
-43.970953	143.410443	161.800000
-44.302028	143.308515	162.000000
-44.632866	143.205821	162.200000
-44.963467	143.102364	162.400000
-45.293827	142.998144	162.600000
-45.623946	142.893161	162.800000
-45.953822	142.787416	163.000000
-46.283452	142.680910	163.200000
-46.612836	142.573642	163.400000
-46.941971	142.465615	163.600000
-47.270856	142.356827	163.800000
-47.599489	142.247280	164.000000
-47.927867	142.136975	164.200000
-48.255991	142.025911	164.400000
-48.583856	141.914090	164.600000
-48.911463	141.801512	164.800000
-49.238809	141.688178	165.000000
-49.565892	141.574088	165.200000
-49.892711	141.459243	165.400000
-50.219264	141.343643	165.600000
-50.545549	141.227290	165.800000
-50.871564	141.110184	166.000000
-51.197308	140.992325	166.200000
-51.522779	140.873714	166.400000
-51.847975	140.754351	166.600000
-52.172895	140.634238	166.800000
-52.497537	140.513375	167.000000
-52.821898	140.391763	167.200000
-53.145978	140.269402	167.400000
-53.469774	140.146292	167.600000
-53.793285	140.022436	167.800000
-54.116509	139.897832	168.000000
-54.439445	139.772482	168.200000
-54.762090	139.646387	168.400000
-55.084444	139.519547	168.600000
-55.406503	139.391963	168.800000
-55.728267	139.263636	169.000000
-56.049734	139.134566	169.200000
-56.370901	139.004753	169.400000
-56.691768	138.874200	169.600000
-57.012333	138.742906	169.800000
-57.332594	138.610871	170.000000
-57.652549	138.478098	170.200000
-57.972196	138.344586	170.400000
-58.291535	138.210336	170.600000
-58.610562	138.075349	170.800000
-58.929277	137.939626	171.000000
-59.247677	137.803167	171.200000
-59.565762	137.665973	171.400000
-59.883529	137.528044	171.600000
-60.200976	137.389383	171.800000
-60.518102	137.249988	172.000000
-60.834906	137.109862	172.200000
-61.151385	136.969004	172.400000
-61.467538	136.827416	172.600000
-61.783363	136.685098	172.800000
-62.098859	136.542051	173.000000
-62.414023	136.398276	173.200000
-62.728855	136.253773	173.400000
-63.043352	136.108544	173.600000
-63.357513	135.962589	173.800000
-63.671336	135.815908	174.000000
-63.984819	135.668504	174.200000
-64.297961	135.520376	174.400000
-64.610760	135.371524	174.600000
-64.923215	135.221951	174.800000
-65.235323	135.071657	175.000000
-65.547084	134.920643	175.200000
-65.858495	134.768909	175.400000
-66.169554	134.616456	175.600000
-66.480261	134.463285	175.800000
-66.790613	134.309397	176.000000
-67.100609	134.154792	176.200000
-67.410247	133.999473	176.400000
-67.719525	133.843438	176.600000
-68.028443	133.686690	176.800000
-68.336997	133.529228	177.000000
-68.645187	133.371055	177.200000
-68.953011	133.212170	177.400000
-69.260467	133.052575	177.600000
-69.567554	132.892270	177.800000
-69.874270	132.731256	178.000000
-70.180613	132.569535	178.200000
-70.486582	132.407106	178.400000
-70.792175	132.243972	178.600000
-71.097390	132.080132	178.800000
-71.402226	131.915587	179.000000
-71.706681	131.750339	179.200000
-72.010754	131.584388	179.400000
-72.314443	131.417736	179.600000
-72.617746	131.250383	179.800000
-72.920662	131.082329	180.000000
-73.223189	130.913577	180.200000
-73.525325	130.744126	180.400000
-73.827070	130.573978	180.600000
-74.128420	130.403134	180.800000
-74.429375	130.231594	181.000000
-74.729934	130.059360	181.200000
-75.030093	129.886432	181.400000
-75.329853	129.712811	181.600000
-75.629211	129.538498	181.800000
-75.928165	129.363495	182.000000
-76.226714	129.187801	182.200000
-76.524857	129.011419	182.400000
-76.822592	128.834348	182.600000
-77.119917	128.656591	182.800000
-77.416831	128.478147	183.000000
-77.713332	128.299018	183.200000
-78.009418	128.119205	183.400000
-78.305089	127.938708	183.600000
-78.600341	127.757530	183.800000
-78.895175	127.575669	184.000000
-79.189588	127.393129	184.200000
-79.483578	127.209909	184.400000
-79.777144	127.026010	184.600000
-80.070285	126.841434	184.800000
-80.362999	126.656182	185.000000
-80.655285	126.470254	185.200000
-80.947140	126.283651	185.400000
-81.238563	126.096375	185.600000
-81.529554	125.908427	185.800000
-81.820109	125.719807	186.000000
-82.110228	125.530516	186.200000
-82.399909	125.340556	186.400000
-82.689151	125.149927	186.600000
-82.977951	124.958631	186.800000
-83.266309	124.766669	187.000000
-83.554223	124.574041	187.200000
-83.841692	124.380749	187.400000
-84.128713	124.186793	187.600000
-84.415285	123.992175	187.800000
-84.701408	123.796896	188.000000
-84.987078	123.600957	188.200000
-85.272296	123.404358	188.400000
-85.557058	123.207101	188.600000
-85.841364	123.009187	188.800000
-86.125213	122.810617	189.000000
-86.408602	122.611392	189.200000
-86.691530	122.411513	189.400000
-86.973996	122.210982	189.600000
-87.255998	122.009798	189.800000
-87.537534	121.807964	190.000000
-87.818604	121.605480	190.200000
-88.099206	121.402347	190.400000
-88.379337	121.198567	190.600000
-88.658997	120.994141	190.800000
-88.938185	120.789069	191.000000
-89.216898	120.583354	191.200000
-89.495135	120.376995	191.400000
-89.772895	120.169994	191.600000
-90.050176	119.962352	191.800000
-90.326977	119.754070	192.000000
-90.603296	119.545150	192.200000
-90.879131	119.335592	192.400000
-91.154483	119.125397	192.600000
-91.429348	118.914568	192.800000
-91.703725	118.703104	193.000000
-91.977613	118.491007	193.200000
-92.251011	118.278278	193.400000
-92.523917	118.064918	193.600000
-92.796329	117.850928	193.800000
-93.068246	117.636310	194.000000
-93.339667	117.421065	194.200000
-93.610591	117.205193	194.400000
-93.881015	116.988697	194.600000
-94.150938	116.771576	194.800000
-94.420359	116.553832	195.000000
-94.689276	116.335467	195.200000
-94.957689	116.116482	195.400000
-95.225595	115.896877	195.600000
-95.492993	115.676654	195.800000
-95.759882	115.455814	196.000000
-96.026260	115.234358	196.200000
-96.292126	115.012288	196.400000
-96.557479	114.789604	196.600000
-96.822316	114.566309	196.800000
-97.086637	114.342402	197.000000
-97.350441	114.117885	197.200000
-97.613725	113.892760	197.400000
-97.876488	113.667027	197.600000
-98.138730	113.440688	197.800000
-98.400448	113.213744	198.000000
-98.661641	112.986196	198.200000
-98.922308	112.758046	198.400000
-99.182448	112.529294	198.600000
-99.442059	112.299942	198.800000
-99.701139	112.069991	199.000000
-99.959687	111.839443	199.200000
-100.217703	111.608298	199.400000
-100.475183	111.376557	199.600000
-100.732128	111.144223	199.800000
-100.988536	110.911296	200.000000
